1584616165.9215646
1584616166.923078
1584616171.928588
1584616174.9298842
1584616182.9382508
1584616190.9472468
1584616197.952742
1584616201.9567041
1584616210.9661498
1584616219.976214
1584616220.9778988
1584616226.9848723
1584616231.988781
1584616240.9973156
1584616244.000759
1584616245.0028536
1584616251.0086899
1584616253.0115218
1584616255.0149102
1584616255.0158052
1584616257.0167637
1584616265.0247912
1584616274.0329213
1584616282.040983
1584616283.0427032
1584616290.0485888
1584616291.0502708
1584616293.052705
1584616302.061325
1584616303.0629964
1584616306.0647576
1584616311.0694067
1584616312.0715077
1584616320.0802445
1584616320.0806258
1584616325.0847535
1584616328.0887673
1584616331.0927637
1584616334.096742
1584616334.0976884
1584616336.1005192
1584616339.1047535
1584616348.1127725
1584616351.1167977
1584616354.120784
1584616355.122941
1584616355.1239386
1584616361.129298
1584616366.1326962
1584616368.1355765
1584616374.1407845
1584616383.1487305
1584616383.1495712
1584616392.1566176
1584616401.1647441
1584616406.1704412
1584616413.1766055
1584616417.1807373
1584616426.190805
1584616433.196704
1584616433.1975818
1584616440.2046068
1584616443.2066174
1584616444.2080204
1584616449.21271
1584616537.139794
1584616541.1406708
1584616541.1413352
1584616550.1485875
1584616558.1569195
1584616565.1605842
1584616570.1648788
1584616572.16574
1584616579.1725838
1584616586.179828
1584616590.1806042
1584616594.1845846
1584616773.3047323
1584616773.3050241
1584616774.3063557
1584616779.30942
1584616788.3171883
1584616793.32059
1584616794.3220336
1584616797.3246021
1584616800.3261352
1584616807.3325894
1584617189.669211
1584617198.676586
1584617202.6805773
1584617202.6808872
1584617209.6845825
1584617217.69258
1584617219.69479
1584617228.700587
1584617230.702858
1584618670.7444441
1584618679.752552
1584618688.7605584
1584618690.76238
1584618694.7645848
1584618701.7686157
1584618708.772571
1584618716.7810612
1584618722.78459
1584618723.7860146
1584618726.7885902
1584618727.789966
1584618733.7966034
1584619052.8125863
1584619052.812983
1584619056.8165462
1584619060.820562
1584619067.824587
1584619071.8285685
1584619073.8310525
1584620275.2557993
1584620282.260588
1584620291.2685933
1584620296.2726042
1584620300.2765534
1584620307.2815711
1584620314.2885463
1584620319.2925527
1584620319.2928617
1584621208.334905
1584621212.3366632
1584621221.3447082
1584621222.346097
1584621229.3533914
1584621233.3577137
1584621239.3629699
1584621245.368857
1584621245.3691597
1584621254.3765695
1584621258.380571
1584706854.009043
1584706857.0136557
1584706864.0200627
1584706867.021631
1584707397.9908001
1584707400.993933
1584707405.9977584
1584709595.2912931
1584709603.2976353
1584709608.3021827
1584709615.3096182
1584709624.3176758
1584719212.3040795
1584719215.3056083
1584719221.3099163
1584719227.3147655
1584719460.8089006
1584719469.8175902
1584719477.8256137
1584719486.8347478
1584719488.8371632
1584719492.841542
1584719495.844027
1584719495.8449442
1584719601.9684074
1584719606.973574
1584719609.9769542
1584719615.9816165
1584719624.9896162
1584729940.9774172
1584729942.9798703
1584729943.9818494
1584729944.983431
1584729949.9856043
1584729954.989605
1584729957.9911857
1584730747.753346
1584730747.7536612
1584730756.7616127
1584730760.7655785
1584730765.770013
1584816996.2097068
1584817001.213614
1584817005.2176228
1584817010.222487
1584818299.4962618
1584818300.499574
1584818305.505573
1584818305.5059195
1584818306.5067127
1584818314.5149965
1584818317.518401
1584818320.521615
1584818329.5295775
1584818332.5308893
1584818339.5376108
1584818339.537911
1584818343.5416358
1584818814.1274476
1584818820.1335986
1584818821.134471
1584818825.137573
1584818826.1389532
1584818835.1471949
1584818842.153595
1584818851.1627514
1584818857.1656098
1584818862.1708133
1584818871.1799912
1584818875.1815932
1584818883.1896114
1584818887.1937962
1584818889.1956584
1584818897.2026048
1584818897.202905
1584818901.206924
1584818904.209594
1584818913.2186687
1584818921.2258694
1584818921.2266517
1584818925.2297406
1584820821.3292363
1584820824.3309267
1584820826.3329828
1584820831.3616624
1584820838.3673227
1584820842.3711627
1584820842.3714929
1584820849.3775988
1584820857.3858635
1584820860.3880134
1584820864.3919127
1584820871.398101
1584820880.4056084
1584820880.4059072
1584820885.4095752
1584820963.1470344
1584820970.1536193
1584820974.157624
1584820981.161634
1584820984.165092
1584820988.167358
1584820993.1707969
1584820995.1725273
1584821002.1784213
1584821005.1816235
1584821007.1822965
1584821015.189615
1584821019.1935751
1584821027.201624
1584821036.2095938
1584821040.2136328
1584821043.21717
1584821046.2204115
1584821054.2283657
1584821062.233593
1584821070.241767
1584821070.2421424
1584821075.2465196
1584821082.2535813
1584821090.2616048
1584821097.2656224
1584821097.2659261
1584821100.2671134
1584821487.0843632
1584821490.0875971
1584821496.0939152
1584821503.097613
1584821505.099882
1584821512.1056023
1584821513.106802
1584821514.108229
1584821521.114401
1584821521.114697
1584821521.1148639
1584821522.1151726
1584821595.9700851
1584821600.975953
1584821607.981614
1584821609.984039
1584821819.3733296
1584821820.374772
1584821825.377572
1584821831.3835986
1584821834.3869765
1584821838.3895926
1584821847.3988526
1584822279.2300878
1584822286.23625
1584822289.2375774
1584822297.245866
1584822302.2497494
1584822318.9777026
1584822321.9806302
1584822322.9841225
1584822328.989621
1584822329.991026
1584822329.9913285
1584822334.993632
1584822337.9970098
1584822341.0002286
1584822346.0055737
1584822352.0108132
1584822356.0144763
1584822357.015928
1584822357.0162344
1584822357.0163915
1584822359.0184648
1584822360.019838
1584822368.0256193
1584822369.026884
1584824732.1539342
1584824738.157612
1584824743.1616175
1584824744.1627693
1584824747.165575
1584824749.1679947
1584824750.169444
1584824752.1704261
1584826047.253206
1584826049.2538507
1584826058.2625244
1584826065.2695875
1584826073.2775729
1584826078.2816198
1584827506.7823372
1584827515.790998
1584827515.7913735
1584827515.791574
1584827519.7955117
1584827523.7980285
1584827526.8006368
1584827534.8090463
1584827535.809612
1584827544.8189633
1584827553.8278942
1584827553.828293
1584827561.8364193
1584827567.84159
1584827571.845621
1584827573.846669
1584827576.8496969
1584862258.0051146
1584862259.005715
1584862266.0110946
1584862272.015026
1584862277.019405
1584862281.0238001
1584862289.0302162
1584883280.0867617
1584883286.089611
1584883287.0910392
1584883293.0960119
1584883300.1031854
1584883302.105028
1584885860.834643
1584885860.83496
1584885868.841611
1584885870.843322
1584885876.8496048
1584885882.8548167
1584885886.8576775
1584887775.697576
1584887792.1530347
1584887793.1591227
1584887801.1918044
1584887908.6220467
1584887910.6650274
1584887911.6816843
1584887914.7150836
1584887918.7470548
1584887924.7739909
1584887927.810618
1584888217.3120046
1584888220.3456318
1584888224.3789463
1584888228.4145615
1584888438.5372763
1584888440.6690698
1584888443.7052617
1584888446.7883801
1584888446.8295212
1584888451.8648527
1584888457.8810506
1584888515.6111286
1584888523.756201
1584888524.0057356
1584888640.7931669
1584888642.8999841
1584888649.9686584
1584888913.3347833
1584889061.1180215
1584889069.198766
1584889212.5210516
1584889233.3333776
1584889665.305399
1584890687.2851024
1584890691.2892594
1584890694.290507
1584890696.2934694
1584890704.3022962
1584890740.4729407
1584890749.4818513
1584890750.4838467
1584890757.4907227
1584890765.4977214
1584890767.500353
1584890769.5022023
1584890792.2367296
1584890806.1472445
1584890814.1546032
1584890819.1576464
1584890824.1616602
1584891145.692831
1584891475.4344456
1584891475.4355187
1584891479.4392717
1584891484.4416554
1584891492.449649
1584891500.4576368
1584891500.4579604
1584891509.4660642
1584891514.4696374
1584891519.4736524
1584891523.4776475
1584891523.4779863
1584891531.48562
1584891533.4880676
1584891535.4896379
1584891540.4936428
1584891540.4940045
1584891543.4968243
1584891543.497168
1584891550.5029712
1584891550.5033278
1584891559.5117295
1584891564.5136461
1584891570.51764
1584891572.5196345
1584891577.5216393
1584891585.5296497
1584891588.5331056
1584891588.533457
1584891591.536817
1584891594.5376327
1584891598.5416272
1584891603.5469267
1584891605.5474157
1584891606.5488625
1584891607.5496566
1584891613.5556414
1584891615.55766
1584891623.5656543
1584891624.566141
1584891624.5664837
1584891632.5736153
1584891633.5750535
1584891636.577637
1584891637.57837
1584891638.5798333
1584891640.5816553
1584891642.5841262
1584891650.5896623
1584891652.5921214
1584891661.6009772
1584891666.6062357
1584891672.6096585
1584891672.6100023
1584891676.6136167
1584891678.616069
1584891679.6173537
1584891680.6189363
1584891787.4911482
1584891788.4932857
1584893507.0256927
1584893566.7316983
1584893566.7329814
1584898738.6789372
1584898741.6816783
1584898749.689647
1584898750.691097
1584898752.692793
1584898754.6936543
1584898971.568637
1584898977.575421
1584898978.5768495
1584899015.6762855
1584899016.677678
1584899021.681646
1584899024.6851075
1584899126.3038032
1584899134.3095977
1584899134.3099914
1584899136.3122172
1584899137.313597
1584899797.3432543
1584899803.3496087
1584899803.3499625
1584899807.3535764
